STARLINK-24             
1 44238U 19029D   21168.85095920  .00006125  00000-0  33056-3 0  9992
2 44238  52.9982 346.4622 0001518  96.3477 263.7688 15.16020390112760
STARLINK-61             
1 44249U 19029Q   21168.79251525  .00002110  00000-0  10662-3 0  9990
2 44249  53.0029 321.4058 0005730  68.9466 291.2141 15.21628748113785
STARLINK-71             
1 44252U 19029T   21168.89169606  .00006061  00000-0  30966-3 0  9991
2 44252  52.9977 348.0248 0001111 131.2603 228.8486 15.17988784114380
STARLINK-43             
1 44257U 19029Y   21169.16919562  .00022596  00000-0  50207-3 0  9992
2 44257  52.9989 236.1741 0002146 351.0307   9.0659 15.43615707116064
STARLINK-68             
1 44279U 19029AW  21169.18475336  .00553375  15632-3  78189-3 0  9997
2 44279  52.9805 218.2167 0011767   0.7452 359.3468 16.04987350116250
STARLINK-70             
1 44281U 19029AY  21168.56637603  .00057608  00000-0  74941-3 0  9998
2 44281  52.9952 270.1671 0003853 321.3733  38.7001 15.58228729 46590
STARLINK-80             
1 44282U 19029AZ  21168.59415022  .00010900  00000-0  36135-3 0  9998
2 44282  53.0194 277.5222 0002680 287.8265  72.2442 15.31801160115436
STARLINK-76             
1 44287U 19029BE  21168.63931207  .00060756  00000-0  72208-3 0  9991
2 44287  52.9921 258.2961 0003917 319.9363  40.1359 15.60589676114913
STARLINK-1007           
1 44713U 19074A   21168.84128191 -.00000829  00000-0 -36742-4 0  9999
2 44713  53.0580  14.2578 0002162  87.7954 272.3283 15.06392317 88628
STARLINK-1008           
1 44714U 19074B   21168.95555701  .00000970  00000-0  84037-4 0  9998
2 44714  53.0558  13.7447 0001820  94.4146 265.7051 15.06384324 88810
STARLINK-1009           
1 44715U 19074C   21168.81179779 -.00000993  00000-0 -47776-4 0  9997
2 44715  53.0550  14.3922 0001953  84.7912 275.3300 15.06389811 88616
STARLINK-1010           
1 44716U 19074D   21169.02740605  .00001389  00000-0  11450-3 0  9991
2 44716  53.0019  13.4208 0002113  98.3613 261.7614 15.05585940 88800
STARLINK-1011           
1 44717U 19074E   21168.89472058  .00001233  00000-0  10164-3 0  9999
2 44717  53.0547  34.0239 0002240  85.4414 274.6831 15.06402752 88351
STARLINK-1012           
1 44718U 19074F   21168.93343245 -.00001030  00000-0 -50220-4 0  9995
2 44718  53.0553  13.8480 0002121  87.2668 272.8564 15.06390087 88801
STARLINK-1013           
1 44719U 19074G   21168.87431706  .00002495  00000-0  18613-3 0  9992
2 44719  53.0534  14.1149 0002256  88.9864 271.1384 15.06449857 88792
STARLINK-1014           
1 44720U 19074H   21169.02558304  .00001596  00000-0  12603-3 0  9990
2 44720  53.0563  13.4320 0002043  87.2553 272.8670 15.06401230 88823
STARLINK-1015           
1 44721U 19074J   21168.94817669 -.00000776  00000-0 -33180-4 0  9998
2 44721  53.0543  13.7842 0002140  83.7621 276.3612 15.06391122 88800
STARLINK-1016           
1 44722U 19074K   21168.95186114 -.00000751  00000-0 -31528-4 0  9991
2 44722  53.0553  13.7636 0002168  86.3211 273.8026 15.06391154 88814
STARLINK-1017           
1 44723U 19074L   21168.83390953  .00000937  00000-0  81797-4 0  9994
2 44723  53.0568  14.2769 0002081  86.8614 273.2613 15.06397700 88796
STARLINK-1019           
1 44724U 19074M   21168.99609170 -.00000521  00000-0 -16050-4 0  9997
2 44724  53.0553  13.5649 0001781  92.5220 267.5973 15.06392717 88814
STARLINK-1020           
1 44725U 19074N   21169.06797244  .00001011  00000-0  86803-4 0  9993
2 44725  53.0549  33.2458 0001837  85.2320 274.8879 15.06395213 88549
STARLINK-1021           
1 44726U 19074P   21168.85970978 -.00000639  00000-0 -23986-4 0  9997
2 44726  53.0578  14.1717 0001832  97.6489 262.4708 15.06393631 88799
STARLINK-1022           
1 44727U 19074Q   21169.10204069  .00000971  00000-0  84107-4 0  9997
2 44727  53.0561  53.0797 0001559  23.1990 336.9069 15.06396555 88288
STARLINK-1023           
1 44728U 19074R   21168.83759422  .00001122  00000-0  94190-4 0  9997
2 44728  53.0569  14.2645 0001985  84.9585 275.1631 15.06399320 88626
STARLINK-1024           
1 44729U 19074S   21168.92147904  .00002299  00000-0  17034-3 0  9991
2 44729  53.0014  32.5510 0001084  88.2865 271.8248 15.07038378 88366
STARLINK-1025           
1 44730U 19074T   21169.09635201  .00046388  00000-0  10725-2 0  9990
2 44730  53.0171   8.7643 0001391 116.6362 243.4785 15.42058204 88880
STARLINK-1026           
1 44731U 19074U   21168.87077034 -.00000638  00000-0 -23952-4 0  9998
2 44731  53.0562  14.1313 0002008  84.9307 275.1911 15.06392806 88626
STARLINK-1027           
1 44732U 19074V   21168.85787564  .00001544  00000-0  12253-3 0  9999
2 44732  53.0563  34.1877 0001885  91.1456 268.9749 15.06397656 88348
STARLINK-1028           
1 44733U 19074W   21168.85603454  .00001148  00000-0  95977-4 0  9990
2 44733  53.0582  14.1896 0001851  92.4269 267.6932 15.06393978 88622
STARLINK-1029           
1 44734U 19074X   21169.05901321  .00000868  00000-0  78695-4 0  9994
2 44734  53.0011 293.2819 0001197 145.6654 214.4412 15.05588544 89939
STARLINK-1030           
1 44735U 19074Y   21168.86524694  .00000964  00000-0  83609-4 0  9995
2 44735  53.0560  34.1531 0002044  80.9796 279.1424 15.06395060 88347
STARLINK-1031           
1 44736U 19074Z   21168.87998334  .00001222  00000-0  10092-3 0  9996
2 44736  53.0556  34.0912 0001691  92.8369 267.2813 15.06399414 88358
STARLINK-1032           
1 44737U 19074AA  21168.89103065  .00000959  00000-0  83263-4 0  9995
2 44737  53.0577  34.0307 0002138  88.8211 271.3023 15.06406112 88520
STARLINK-1033           
1 44738U 19074AB  21168.87629975  .00001443  00000-0  11581-3 0  9999
2 44738  53.0546  34.1079 0002097  79.9478 280.1747 15.06396032 88344
STARLINK-1052           
1 44739U 19074AC  21169.01002463  .00002017  00000-0  15226-3 0  9992
2 44739  53.0005  32.4928 0001463  83.5361 276.5794 15.06899979 88537
STARLINK-1035           
1 44740U 19074AD  21168.88736628  .00001064  00000-0  90349-4 0  9996
2 44740  53.0554  34.0497 0001899  90.4669 269.6538 15.06391188 88356
STARLINK-1036           
1 44741U 19074AE  21168.89841035 -.00000810  00000-0 -35510-4 0  9996
2 44741  53.0573  33.9911 0001785  89.4255 270.6939 15.06395137 88355
STARLINK-1037           
1 44742U 19074AF  21169.01508188  .00003184  00000-0  22320-3 0  9990
2 44742  52.9992  29.9976 0002659  85.2614 274.8679 15.07957632 88575
STARLINK-1038           
1 44743U 19074AG  21168.88183190 -.00000595  00000-0 -21074-4 0  9998
2 44743  53.0558  54.0815 0001677  78.4721 281.6456 15.06393619 88161
STARLINK-1039           
1 44744U 19074AH  21168.89288361 -.00000774  00000-0 -33076-4 0  9990
2 44744  53.0571  54.0160 0001963  78.9904 281.1305 15.06395999 88077
STARLINK-1041           
1 44746U 19074AK  21168.67911869  .00000978  00000-0  84568-4 0  9990
2 44746  53.0549  54.9822 0002102  69.3844 290.7371 15.06391029 88047
STARLINK-1042           
1 44747U 19074AL  21169.10667206  .00000122  00000-0  27080-4 0  9990
2 44747  53.0553  53.0739 0001985  78.1208 282.0004 15.06394093 88287
STARLINK-1043           
1 44748U 19074AM  21169.06981584  .00001213  00000-0  10033-3 0  9995
2 44748  53.0573  53.2342 0001997  82.0793 278.0423 15.06392740 88274
STARLINK-1044           
1 44749U 19074AN  21169.02264558 -.00003656  00000-0 -74574-4 0  9993
2 44749  53.0565  28.3779 0001260  89.6612 270.4537 15.42167018 88617
STARLINK-1046           
1 44751U 19074AQ  21168.88551831  .00001145  00000-0  95799-4 0  9993
2 44751  53.0559  54.0571 0002106  77.1894 282.9331 15.06394086 88070
STARLINK-1047           
1 44752U 19074AR  21168.97211625  .00001346  00000-0  10924-3 0  9997
2 44752  53.0564  33.6765 0002122  89.0251 271.0982 15.06408988 88531
STARLINK-1048           
1 44753U 19074AS  21168.84496534 -.00000837  00000-0 -37249-4 0  9994
2 44753  53.0578  14.2390 0002211  88.0438 272.0804 15.06394640 88624
STARLINK-1049           
1 44754U 19074AT  21168.84865484 -.00000731  00000-0 -30151-4 0  9997
2 44754  53.0579  14.2235 0002250  89.8210 270.3037 15.06394982 88622
STARLINK-1050           
1 44755U 19074AU  21168.89656754 -.00000691  00000-0 -27476-4 0  9992
2 44755  53.0562  54.0117 0001767  78.2487 281.8700 15.06394108 88620
STARLINK-1051           
1 44756U 19074AV  21169.08902633  .00369474  00000-0  54397-2 0  9990
2 44756  53.0535   6.4769 0001130 129.2292 230.8818 15.53613639 88922
STARLINK-1034           
1 44757U 19074AW  21168.91684217 -.00000387  00000-0 -70419-5 0  9990
2 44757  53.0549  33.9131 0001948  83.4009 276.7202 15.06397790 88358
STARLINK-1053           
1 44758U 19074AX  21168.85877121 -.00000841  00000-0 -37550-4 0  9995
2 44758  53.0524  54.1905 0001676  80.9306 279.1872 15.06392132 88070
STARLINK-1054           
1 44759U 19074AY  21168.84865608 -.00000877  00000-0 -39960-4 0  9998
2 44759  53.0557  54.2281 0001961  79.6322 280.4888 15.06390551 85718
STARLINK-1055           
1 44760U 19074AZ  21168.90026217  .00001176  00000-0  97873-4 0  9990
2 44760  53.0558  54.0027 0001746  85.9215 274.1973 15.06392213 88084
STARLINK-1056           
1 44761U 19074BA  21168.84497001  .00000868  00000-0  77171-4 0  9993
2 44761  53.0549  54.2502 0001884  75.7951 284.3247 15.06390121 88074
STARLINK-1057           
1 44762U 19074BB  21169.04585549  .00001052  00000-0  89542-4 0  9993
2 44762  53.0562  33.3428 0002083  79.0476 281.0748 15.06394254 88549
STARLINK-1058           
1 44763U 19074BC  21168.86709173  .00000833  00000-0  74842-4 0  9997
2 44763  53.0557  54.1422 0002060  79.5221 280.6000 15.06393379 88078
STARLINK-1059           
1 44764U 19074BD  21168.90946949 -.00000589  00000-0 -20625-4 0  9997
2 44764  53.0554  33.9586 0002124  82.3765 277.7465 15.06394453 88524
STARLINK-1060           
1 44765U 19074BE  21168.86155544  .00001086  00000-0  91803-4 0  9993
2 44765  53.0549  34.1714 0001870  81.2732 278.8469 15.06391101 88347
STARLINK-1061           
1 44766U 19074BF  21169.05876493  .00001231  00000-0  10157-3 0  9993
2 44766  53.0566  53.2892 0001676  78.8467 281.2710 15.06390950 88277
STARLINK-1062           
1 44767U 19074BG  21168.85234350  .00000789  00000-0  71884-4 0  9993
2 44767  53.0550  54.2152 0001794  66.8137 293.3041 15.06393200 88073
STARLINK-1063           
1 44768U 19074BH  21168.87446386  .00001097  00000-0  92537-4 0  9991
2 44768  53.0563  54.1102 0001877  78.0941 282.0259 15.06390086 88088
STARLINK-1064           
1 44769U 19074BJ  21168.97795463 -.00000464  00000-0 -12659-4 0  9992
2 44769  53.0020  53.6379 0001840  78.6310 281.4884 15.05577438 88245
STARLINK-1065           
1 44770U 19074BK  21168.85160978  .00002356  00000-0  17000-3 0  9992
2 44770  53.0042  51.0189 0002214  67.5046 292.6177 15.07959078 88101
STARLINK-1067           
1 44771U 19074BL  21169.06244778  .00001261  00000-0  10354-3 0  9997
2 44771  53.0571  53.2532 0002073  71.7114 288.4100 15.06394505 88275
STARLINK-1068           
1 44772U 19074BM  21168.92052795  .00001271  00000-0  10420-3 0  9993
2 44772  53.0554  33.9039 0002188  78.3595 281.7639 15.06402888 88522
STARLINK-1073           
1 44914U 20001A   21168.53903729  .00000416  00000-0  46826-4 0  9992
2 44914  53.0564 175.6076 0000638  58.8163 301.2889 15.06401609 79679
STARLINK-1084           
1 44915U 20001B   21168.36949255  .00002043  00000-0  15598-3 0  9997
2 44915  53.0562 176.3750 0000439  46.0092 314.0933 15.06405006 79659
STARLINK-1097           
1 44916U 20001C   21168.71230123  .00000151  00000-0  29048-4 0  9998
2 44916  53.0571 174.8350 0000692  66.5219 293.5843 15.06384170 79703
STARLINK-1098           
1 44917U 20001D   21169.10299873  .00000123  00000-0  27107-4 0  9993
2 44917  53.0567 173.0784 0000404  61.6503 298.4527 15.06379983 79769
STARLINK-1099           
1 44918U 20001E   21168.71594749  .00000328  00000-0  40875-4 0  9994
2 44918  53.0575 174.8207 0000300  18.1129 341.9871 15.06402958 80446
STARLINK-1101           
1 44919U 20001F   21168.72702006 -.00001520  00000-0 -83213-4 0  9993
2 44919  53.0564 174.7694 0000672  64.6962 295.4096 15.06388775 79706
STARLINK-1102           
1 44920U 20001G   21168.73071524 -.00001389  00000-0 -74449-4 0  9994
2 44920  53.0553 174.7530 0000783  65.1227 294.9843 15.06386195 79706
STARLINK-1103           
1 44921U 20001H   21168.73138213  .00000314  00000-0  40681-4 0  9990
2 44921  53.0007 174.7408 0000399  66.1135 293.9894 15.05589421 79696
STARLINK-1104           
1 44922U 20001J   21168.71964943 -.00001635  00000-0 -90955-4 0  9994
2 44922  53.0561 174.8006 0000294  46.7315 313.3698 15.06388052 79704
STARLINK-1106           
1 44923U 20001K   21168.34737157  .00000171  00000-0  30347-4 0  9990
2 44923  53.0561 176.4730 0000513  71.3833 288.7212 15.06401937 79648
STARLINK-1111           
1 44924U 20001L   21169.13250457  .00003297  00000-0  24029-3 0  9993
2 44924  53.0571 172.9500 0000402  27.8551 332.2459 15.06375232 79765
STARLINK-1112           
1 44925U 20001M   21168.48376149  .00000039  00000-0  21521-4 0  9994
2 44925  53.0570 175.8639 0000543  60.0623 300.0419 15.06389229 79664
STARLINK-1113           
1 44926U 20001N   21169.15955052 -.00001725  00000-0 -99289-4 0  9997
2 44926  53.0000 172.8304 0000469  38.6309 321.4712 15.05577267 80494
STARLINK-1114           
1 44927U 20001P   21168.42848208  .00000044  00000-0  21851-4 0  9992
2 44927  53.0568 176.1115 0000346  70.1350 289.9676 15.06389001 79664
STARLINK-1119           
1 44928U 20001Q   21168.88918870  .00000230  00000-0  34312-4 0  9999
2 44928  53.0561 174.0403 0000490  28.0305 332.0710 15.06404913 79734
STARLINK-1121           
1 44929U 20001R   21168.47638992  .00002425  00000-0  18162-3 0  9991
2 44929  53.0568 175.8947 0000267  56.8342 303.2672 15.06401209 79660
STARLINK-1123           
1 44930U 20001S   21168.70858737 -.00001329  00000-0 -70417-4 0  9996
2 44930  53.0568 174.8510 0000446  28.8732 331.2281 15.06393275 79703
STARLINK-1128           
1 44931U 20001T   21169.15092185  .00000123  00000-0  27112-4 0  9997
2 44931  53.0565 172.8687 0000537  69.6921 290.4126 15.06382354 80508
STARLINK-1130 (DARKSAT) 
1 44932U 20001U   21168.36581786  .00000034  00000-0  21142-4 0  9998
2 44932  53.0556 176.3901 0000649  73.8236 286.2824 15.06396021 80882
STARLINK-1144           
1 44933U 20001V   21169.05509036  .00000334  00000-0  41306-4 0  9991
2 44933  53.0566 173.2960 0000553  44.0148 316.0885 15.06384761 81047
STARLINK-1071           
1 44934U 20001W   21168.66990185  .00000540  00000-0  55093-4 0  9994
2 44934  53.0574 155.0307 0000564  66.3234 293.7814 15.06400770 79976
STARLINK-1072           
1 44935U 20001X   21168.43767807  .00002294  00000-0  17283-3 0  9999
2 44935  53.0573 156.0726 0000861  30.4947 329.6092 15.06407487 79941
STARLINK-1078           
1 44936U 20001Y   21169.09990343  .00047143  00000-0  67364-3 0  9993
2 44936  53.0630 145.6075 0001055  82.9356 277.1775 15.55797284 80149
STARLINK-1079           
1 44937U 20001Z   21168.38239497  .00000213  00000-0  33170-4 0  9997
2 44937  53.0570 156.3127 0000826  34.8641 325.2402 15.06386095 79935
STARLINK-1082           
1 44938U 20001AA  21168.68096260  .00000413  00000-0  46618-4 0  9993
2 44938  53.0555 154.9749 0000710  35.8030 324.3007 15.06401026 79975
STARLINK-1083           
1 44939U 20001AB  21169.15276793  .00000267  00000-0  36821-4 0  9990
2 44939  53.0572 152.8579 0000851  54.1127 305.9941 15.06385441 80044
STARLINK-1091           
1 44940U 20001AC  21168.69938533  .00002702  00000-0  20012-3 0  9997
2 44940  53.0553 154.8971 0000916  37.4429 322.6623 15.06414863 79978
STARLINK-1094           
1 44941U 20001AD  21168.65515632  .00000386  00000-0  44774-4 0  9993
2 44941  53.0553 155.0927 0000859  69.4536 290.6545 15.06391221 79972
STARLINK-1096           
1 44942U 20001AE  21169.10484707  .00000601  00000-0  59259-4 0  9997
2 44942  53.0568 153.0718 0000832  35.0991 325.0053 15.06387566 80044
STARLINK-1100           
1 44943U 20001AF  21168.68463039  .00000268  00000-0  36843-4 0  9998
2 44943  53.0574 154.9567 0000582  63.2523 296.8525 15.06401407 79970
STARLINK-1108           
1 44944U 20001AG  21168.66620356  .00000505  00000-0  52761-4 0  9995
2 44944  53.0573 155.0437 0000644  63.3454 296.7601 15.06406033 79975
STARLINK-1109           
1 44945U 20001AH  21169.09376280 -.00000186  00000-0  64004-5 0  9998
2 44945  53.0572 153.1244 0000768  29.9681 330.1351 15.06404001 80034
STARLINK-1110           
1 44946U 20001AJ  21169.15095120  .00000511  00000-0  52001-4 0  9991
2 44946  53.0035 150.9304 0000683 127.5008 232.6043 15.07339561 80061
STARLINK-1116           
1 44947U 20001AK  21168.65145429 -.00001425  00000-0 -76830-4 0  9997
2 44947  53.0569 155.1134 0000907  35.3314 324.7735 15.06391819 79979
STARLINK-1122           
1 44949U 20001AM  21168.94265326  .00000675  00000-0  64217-4 0  9990
2 44949  53.0564 153.7938 0000949  70.1207 289.9884 15.06395886 80018
STARLINK-1125           
1 44950U 20001AN  21168.69202735  .00000314  00000-0  39952-4 0  9997
2 44950  53.0569 154.9250 0000598  41.3071 318.7963 15.06399761 79972
STARLINK-1126           
1 44951U 20001AP  21169.13509574  .00000517  00000-0  52587-4 0  9993
2 44951  53.0026 151.3983 0000814 123.5903 236.5163 15.07173548 81340
STARLINK-1117           
1 44952U 20001AQ  21168.65885188  .00000299  00000-0  38975-4 0  9990
2 44952  53.0556 155.0742 0000694  71.3350 288.7714 15.06400271 79977
STARLINK-1124           
1 44953U 20001AR  21168.67356184  .00000291  00000-0  38407-4 0  9994
2 44953  53.0559 155.0090 0000793  55.8946 304.2118 15.06407414 81268
STARLINK-1066           
1 44954U 20001AS  21169.15459270  .00000735  00000-0  68194-4 0  9998
2 44954  53.0549 132.8483 0001282  64.6742 295.4379 15.06401952 80274
STARLINK-1069           
1 44955U 20001AT  21168.89658988  .00000685  00000-0  64909-4 0  9990
2 44955  53.0564 134.0129 0001066  63.1503 296.9595 15.06387872 80238
STARLINK-1070           
1 44956U 20001AU  21168.62751048  .00000490  00000-0  51827-4 0  9992
2 44956  53.0558 135.2102 0001031  41.9942 318.1126 15.06385905 80253
STARLINK-1074           
1 44957U 20001AV  21168.38790897  .00000351  00000-0  42443-4 0  9991
2 44957  53.0568 136.2969 0001052  75.3711 284.7395 15.06403180 80213
STARLINK-1075           
1 44958U 20001AW  21169.11090414  .00485519  00000-0  39777-2 0  9999
2 44958  53.0538 122.4350 0000758 145.3336 214.7729 15.68480255 80473
STARLINK-1076           
1 44959U 20001AX  21168.60171877  .00000482  00000-0  51264-4 0  9995
2 44959  53.0547 135.3317 0001291  73.2230 286.8901 15.06396541 80248
STARLINK-1080           
1 44961U 20001AZ  21168.60907669  .00000513  00000-0  53339-4 0  9994
2 44961  53.0542 135.2996 0001003  51.7283 308.3796 15.06385770 80253
STARLINK-1081           
1 44962U 20001BA  21169.16868406  .00417835  00000-0  53896-2 0  9997
2 44962  53.0566 124.3483 0001115  38.8667 321.2424 15.57046604 80445
STARLINK-1085           
1 44963U 20001BB  21168.62882652  .00003741  00000-0  26367-3 0  9998
2 44963  52.9992 133.4972 0001766  58.3002 301.8159 15.07283679 81005
STARLINK-1086           
1 44964U 20001BC  21168.83761173  .00000400  00000-0  45773-4 0  9998
2 44964  53.0550 134.2741 0001016  53.3406 306.7676 15.06389183 80285
STARLINK-1088           
1 44966U 20001BE  21169.12509822 -.00000922  00000-0 -42993-4 0  9996
2 44966  53.0539 132.9845 0001073  57.4285 302.6807 15.06396352 80329
STARLINK-1089           
1 44967U 20001BF  21168.61644409 -.00001064  00000-0 -52552-4 0  9991
2 44967  53.0543 135.2677 0001154  50.1235 309.9856 15.06393925 80258
STARLINK-1090           
1 44968U 20001BG  21168.87814893  .00000740  00000-0  68559-4 0  9998
2 44968  53.0540 134.0916 0001187  48.9470 311.1621 15.06387512 80295
STARLINK-1092           
1 44969U 20001BH  21169.13616381 -.00001664  00000-0 -92882-4 0  9995
2 44969  53.0561 132.9284 0001160  50.6417 309.4674 15.06393275 80321
STARLINK-1093           
1 44970U 20001BJ  21168.31788848  .00000461  00000-0  49864-4 0  9998
2 44970  53.0567 136.5839 0001540  69.2720 290.8434 15.06403579 80191
STARLINK-1095           
1 44971U 20001BK  21169.16464657  .00622048  00000-0  75674-2 0  9999
2 44971  53.0056 124.8986 0001175  65.6782 294.4352 15.57907698 80433
STARLINK-1107           
1 44972U 20001BL  21168.88551581  .00000635  00000-0  61502-4 0  9990
2 44972  53.0552 134.0611 0001293  67.1624 292.9502 15.06398082 80295
STARLINK-1115           
1 44973U 20001BM  21169.12880063  .00000394  00000-0  45345-4 0  9998
2 44973  53.0546 132.9629 0001340  68.7711 291.3421 15.06385635 80329
STARLINK-1132           
1 45044U 20006A   21168.83760001  .00000981  00000-0  84783-4 0  9990
2 45044  53.0572  94.2731 0001860  56.3648 303.7519 15.06387476 76619
STARLINK-1120           
1 45045U 20006B   21168.89104299 -.00000852  00000-0 -38300-4 0  9991
2 45045  53.0563 114.0352 0001674  67.3675 292.7491 15.06394436 76345
STARLINK-1129           
1 45046U 20006C   21168.84458795  .00003231  00000-0  23068-3 0  9996
2 45046  52.9983 112.6565 0001284  69.4758 290.6368 15.07215463 76345
STARLINK-1131           
1 45047U 20006D   21168.56298473  .00001280  00000-0  10483-3 0  9990
2 45047  53.0561 115.4981 0001635  62.0861 298.0293 15.06404127 76296
STARLINK-1134           
1 45048U 20006E   21168.83575290 -.00000555  00000-0 -18339-4 0  9991
2 45048  53.0558 114.2709 0001581  61.7041 298.4107 15.06401685 76333
STARLINK-1135           
1 45049U 20006F   21168.83944599  .00000679  00000-0  64447-4 0  9990
2 45049  53.0566 114.2685 0001490  77.5424 282.5731 15.06404819 76334
STARLINK-1140           
1 45050U 20006G   21168.84680010 -.00000761  00000-0 -32215-4 0  9990
2 45050  53.0555 114.2345 0001703  61.6638 298.4523 15.06401748 76338
STARLINK-1141           
1 45051U 20006H   21168.57773901  .00000708  00000-0  66400-4 0  9995
2 45051  53.0558 115.4448 0001173  82.8727 277.2395 15.06397212 76291
STARLINK-1148           
1 45052U 20006J   21168.85419050  .00001291  00000-0  10558-3 0  9999
2 45052  53.0558 114.1994 0001512  86.8450 273.2712 15.06391555 76336
STARLINK-1155           
1 45053U 20006K   21168.58552117  .00002352  00000-0  17654-3 0  9995
2 45053  53.0000 114.8969 0001177  85.8571 274.2551 15.06436527 76294
STARLINK-1156           
1 45054U 20006L   21168.58509831 -.00002347  00000-0 -13871-3 0  9994
2 45054  53.0557 115.3921 0001642  73.6956 286.4214 15.06399509 76294
STARLINK-1159           
1 45057U 20006P   21168.33446365 -.00000975  00000-0 -46593-4 0  9995
2 45057  53.0556 116.5364 0001483  57.8410 302.2723 15.06392702 76269
STARLINK-1162           
1 45058U 20006Q   21168.59247882 -.00000730  00000-0 -30091-4 0  9992
2 45058  53.0548 115.3772 0001478  67.1898 292.9247 15.06394760 76306
STARLINK-1165           
1 45059U 20006R   21168.54824773 -.00000772  00000-0 -32960-4 0  9991
2 45059  53.0547 115.5716 0001298  52.7269 307.3838 15.06399717 76290
STARLINK-1166           
1 45060U 20006S   21168.87629799  .00001191  00000-0  98870-4 0  9996
2 45060  53.0567 114.1062 0001418  66.5404 293.5734 15.06397773 76348
STARLINK-1169           
1 45061U 20006T   21168.88367216  .00000462  00000-0  49939-4 0  9993
2 45061  53.0571 114.0665 0001714  68.8379 291.2793 15.06388821 76341
STARLINK-1171           
1 45062U 20006U   21168.86892526 -.00000809  00000-0 -35397-4 0  9999
2 45062  53.0544 114.1315 0001497  63.2632 296.8510 15.06395909 76347
STARLINK-1178           
1 45063U 20006V   21168.55562611  .00000841  00000-0  75365-4 0  9998
2 45063  53.0536 115.5371 0001393  61.6442 298.4688 15.06398343 76295
STARLINK-1133           
1 45064U 20006W   21168.81547584 -.00000725  00000-0 -29764-4 0  9995
2 45064  53.0562  94.3787 0001695  55.2047 304.9101 15.06399214 76612
STARLINK-1139           
1 45065U 20006X   21168.81916536  .00000889  00000-0  78568-4 0  9998
2 45065  53.0577  94.3597 0001634  73.6980 286.4189 15.06395348 76615
STARLINK-1145           
1 45066U 20006Y   21168.52797500  .00000914  00000-0  80248-4 0  9992
2 45066  53.0574  95.6642 0001728  67.9952 292.1221 15.06402696 76567
STARLINK-1150           
1 45067U 20006Z   21168.87445277 -.00000856  00000-0 -38587-4 0  9998
2 45067  53.0567  94.1105 0001865  75.8357 284.2840 15.06398721 76626
STARLINK-1161           
1 45068U 20006AA  21168.86338986  .00000180  00000-0  30965-4 0  9996
2 45068  53.0574  94.1638 0001515  75.0415 285.0742 15.06402585 76618
STARLINK-1163           
1 45069U 20006AB  21168.77850548  .00361243  00000-0  17627-1 0  9997
2 45069  53.0009  94.2932 0002650 125.7682 234.3557 15.16119369 76594
STARLINK-1164           
1 45070U 20006AC  21168.35646050  .00262962  00000-0  26033-2 0  9994
2 45070  53.0519  85.4910 0000961 106.1195 253.9925 15.64478589 76697
STARLINK-1167           
1 45071U 20006AD  21168.31051235  .00000100  00000-0  25618-4 0  9990
2 45071  53.0570  96.6397 0001733  72.7061 287.4117 15.06394207 76534
STARLINK-1168           
1 45072U 20006AE  21168.31420145 -.00000292  00000-0 -68647-6 0  9996
2 45072  53.0558  96.6296 0001802  64.2546 295.8629 15.06392301 76534
STARLINK-1170           
1 45073U 20006AF  21168.27364470 -.00000765  00000-0 -32430-4 0  9994
2 45073  53.0567  96.8021 0001526  64.4875 295.6272 15.06404131 76529
STARLINK-1172           
1 45074U 20006AG  21168.32524352  .00001455  00000-0  11654-3 0  9997
2 45074  53.0569  96.5712 0001506  84.9550 275.1611 15.06402835 76531
STARLINK-1174           
1 45075U 20006AH  21168.82284811 -.00000264  00000-0  11649-5 0  9990
2 45075  53.0581  94.3384 0001824  53.9528 306.1630 15.06398299 76614
STARLINK-1180           
1 45076U 20006AJ  21168.29945269 -.00000023  00000-0  17329-4 0  9996
2 45076  53.0567  96.6926 0001485  65.9399 294.1746 15.06400580 76530
STARLINK-1182           
1 45077U 20006AK  21168.45426144  .00001075  00000-0  91093-4 0  9998
2 45077  53.0569  95.9955 0001919  66.9283 293.1908 15.06397067 76558
STARLINK-1177           
1 45078U 20006AL  21168.58327291  .00007209  00000-0  50276-3 0  9998
2 45078  53.0536  95.3994 0001985  69.8776 290.2426 15.06370105 76560
STARLINK-1149           
1 45079U 20006AM  21168.82653914 -.00000629  00000-0 -23358-4 0  9993
2 45079  53.0566  94.3260 0001716  68.9374 291.1799 15.06398085 76600
STARLINK-1153           
1 45080U 20006AN  21168.03774193  .00001210  00000-0  10014-3 0  9990
2 45080  53.0566  97.8695 0001635  67.4685 292.6477 15.06397762 76498
STARLINK-1151           
1 45081U 20006AP  21168.81179049  .00001003  00000-0  86257-4 0  9999
2 45081  53.0577  94.3890 0001943  72.9955 287.1247 15.06402960 76618
STARLINK-1160           
1 45082U 20006AQ  21168.80073533  .00001680  00000-0  13168-3 0  9991
2 45082  53.0576  94.4443 0001843  73.3031 286.8160 15.06402912 76608
STARLINK-1190           
1 45083U 20006AR  21168.83206879 -.00000028  00000-0  17048-4 0  9994
2 45083  53.0566 114.2997 0001385  75.9728 284.1415 15.06392348 76330
STARLINK-1173           
1 45084U 20006AS  21168.15017314  .00001065  00000-0  90397-4 0  9993
2 45084  53.0550  77.3595 0001979  67.2337 292.8861 15.06395614 76796
STARLINK-1179           
1 45085U 20006AT  21168.87630086  .00000478  00000-0  51005-4 0  9990
2 45085  53.0549  74.0968 0002122  73.0558 287.0664 15.06390802 76908
STARLINK-1181           
1 45086U 20006AU  21168.15175579  .00000028  00000-0  20697-4 0  9997
2 45086  53.0043  76.3874 0001684  63.5664 296.5497 15.06583541 76737
STARLINK-1185           
1 45087U 20006AV  21168.72886349 -.00000680  00000-0 -26773-4 0  9992
2 45087  53.0546  74.7594 0001729  78.8692 281.2491 15.06392805 76889
STARLINK-1183           
1 45088U 20006AW  21168.15384847  .00000980  00000-0  84715-4 0  9997
2 45088  53.0552  77.3520 0002016  82.0571 278.0646 15.06401054 76791
STARLINK-1136           
1 45089U 20006AX  21168.88737947  .00000613  00000-0  60051-4 0  9991
2 45089  53.0559  74.0544 0001643  79.4041 280.7133 15.06381341 76917
STARLINK-1176           
1 45090U 20006AY  21168.86892662  .00002403  00000-0  18016-3 0  9999
2 45090  53.0543  74.1333 0002040  79.2729 280.8490 15.06404056 76907
STARLINK-1127           
1 45091U 20006AZ  21168.87669075  .00137107  00000-0  33980-2 0  9997
2 45091  53.0558  66.0865 0003540  72.8726 287.2665 15.39419881 77012
STARLINK-1137           
1 45092U 20006BA  21168.24600154  .00001388  00000-0  11207-3 0  9992
2 45092  53.0574  76.9317 0001827  69.9570 290.1616 15.06399660 76804
STARLINK-1142           
1 45093U 20006BB  21168.24231353 -.00000888  00000-0 -40687-4 0  9995
2 45093  53.0574  76.9458 0001876  73.3393 286.7802 15.06394708 76803
STARLINK-1146           
1 45094U 20006BC  21168.25705547  .00001658  00000-0  13018-3 0  9999
2 45094  53.0544  76.8766 0001788  68.5316 291.5863 15.06400197 76817
STARLINK-1147           
1 45095U 20006BD  21168.72517835  .00001182  00000-0  98234-4 0  9999
2 45095  53.0557  74.7741 0001798  76.3333 283.7856 15.06398237 76882
STARLINK-1152           
1 45096U 20006BE  21168.25337901 -.00000939  00000-0 -44142-4 0  9992
2 45096  53.0554  76.9034 0001853  77.1186 283.0010 15.06399599 76805
STARLINK-1184           
1 45098U 20006BG  21168.69937313  .00001135  00000-0  95080-4 0  9999
2 45098  53.0557  74.8946 0001957  70.2461 289.8739 15.06397622 76878
STARLINK-1186           
1 45099U 20006BH  21168.86524876  .00000910  00000-0  80025-4 0  9998
2 45099  53.0544  74.1443 0001841  79.4406 280.6790 15.06389903 76905
STARLINK-1193           
1 45100U 20006BJ  21168.89472502 -.00000827  00000-0 -36644-4 0  9999
2 45100  53.0564  74.0225 0001735  72.1965 287.9213 15.06395000 76904
STARLINK-1194           
1 45101U 20006BK  21168.89103868 -.00000901  00000-0 -41549-4 0  9999
2 45101  53.0550  74.0322 0002230  76.1790 283.9447 15.06395654 76909
STARLINK-1195           
1 45102U 20006BL  21168.18334368 -.00000604  00000-0 -21662-4 0  9997
2 45102  53.0556  77.2147 0001702  68.3546 291.7624 15.06393878 76798
STARLINK-1196           
1 45103U 20006BM  21168.87262361  .00010473  00000-0  72085-3 0  9994
2 45103  53.0553  74.1280 0001474  96.4501 263.6655 15.06403446 76907
STARLINK-1138           
1 45178U 20012A   21168.53350188 -.00001098  00000-0 -54884-4 0  9994
2 45178  53.0535 235.6410 0000914 114.4890 245.6195 15.06389108 74015
STARLINK-1143           
1 45179U 20012B   21168.53718863  .00000233  00000-0  34557-4 0  9996
2 45179  53.0549 235.6284 0001056 101.3325 258.7782 15.06399672 74010
STARLINK-1192           
1 45180U 20012C   21168.52613555  .00000574  00000-0  57416-4 0  9996
2 45180  53.0549 235.6768 0000949 122.3670 237.7411 15.06397414 74664
STARLINK-1200           
1 45181U 20012D   21168.58880557  .00000489  00000-0  51737-4 0  9996
2 45181  53.0533 235.3919 0000664 134.9903 225.1140 15.06384667 74021
STARLINK-1201           
1 45182U 20012E   21168.47639212  .00000501  00000-0  52521-4 0  9992
2 45182  53.0538 215.9002 0000621  90.3470 269.7590 15.06386636 74785
STARLINK-1202           
1 45183U 20012F   21168.55930738 -.00001191  00000-0 -61104-4 0  9994
2 45183  53.0539 235.5235 0001035 103.9418 256.1686 15.06387525 74678
STARLINK-1205           
1 45184U 20012G   21168.81548118 -.00001037  00000-0 -50738-4 0  9991
2 45184  53.0547 214.3759 0000549 114.9411 245.1635 15.06391456 74027
STARLINK-1216           
1 45185U 20012H   21168.88367345 -.00000449  00000-0 -11276-4 0  9990
2 45185  53.0538 234.0700 0000871 117.7537 242.3540 15.06396443 74666
STARLINK-1224           
1 45186U 20012J   21168.89840680  .00000676  00000-0  64273-4 0  9995
2 45186  53.0539 234.0018 0000833 129.3585 230.7478 15.06398429 74072
STARLINK-1225           
1 45187U 20012K   21168.50402836  .00000604  00000-0  59439-4 0  9990
2 45187  53.0550 235.7765 0000781 115.9957 244.1112 15.06389688 74654
STARLINK-1228           
1 45188U 20012L   21169.13064469  .00000541  00000-0  55215-4 0  9995
2 45188  53.0555 192.9604 0000315 149.4293 210.6715 15.06393668 74328
STARLINK-1230           
1 45189U 20012M   21168.50769586  .00000884  00000-0  78229-4 0  9998
2 45189  53.0540 235.7558 0000657 111.9769 248.1290 15.06400821 73725
STARLINK-1234           
1 45190U 20012N   21168.79152435  .00000174  00000-0  30561-4 0  9999
2 45190  53.0533 194.4857 0000603 134.5799 225.5239 15.06393410 75164